count=353
min=1.000000
max=2208.000000
mean=935.325779
std=756.629797
