count=86
min=380.000000
max=1166.000000
mean=964.616279
std=144.495527
