count=68
min=723.000000
max=1136.000000
mean=989.867647
std=84.580262
