count=81
min=631.000000
max=1126.000000
mean=925.209877
std=127.519131
