count=58
min=603.000000
max=1140.000000
mean=957.258621
std=112.895521
