count=51
min=569.000000
max=1082.000000
mean=916.549020
std=115.876762
