count=32
min=672.000000
max=1115.000000
mean=943.187500
std=137.195672
