count=280
min=59.000000
max=2172.000000
mean=978.221429
std=639.487787
