count=254
min=126.000000
max=1846.000000
mean=938.326772
std=428.564073
