count=182
min=322.000000
max=1559.000000
mean=944.467033
std=297.542030
