count=140
min=379.000000
max=1411.000000
mean=918.300000
std=270.517116
