count=143
min=323.000000
max=1367.000000
mean=923.496503
std=251.295270
