count=140
min=456.000000
max=1236.000000
mean=937.721429
std=183.253730
