count=78
min=744.000000
max=1176.000000
mean=1023.948718
std=94.682316
