count=76
min=583.000000
max=1180.000000
mean=1002.355263
std=136.249839
