count=1358
min=-1006.000000
max=-929.000000
mean=-967.009573
std=11.154586
