count=679
min=-211.000000
max=-142.000000
mean=-177.565538
std=10.478172
