count=679
min=644.000000
max=733.000000
mean=686.571429
std=15.072348
