count=427
min=-118.000000
max=-54.000000
mean=-87.009368
std=10.497458
