count=427
min=-65.000000
max=-3.000000
mean=-30.306792
std=11.059220
