count=427
min=90.000000
max=148.000000
mean=120.224824
std=11.360643
