count=427
min=175.000000
max=261.000000
mean=223.449649
std=16.361094
