count=427
min=339.000000
max=400.000000
mean=367.707260
std=11.322441
