count=427
min=931.000000
max=1004.000000
mean=963.962529
std=11.742495
