count=14064
min=14.000000
max=98.000000
mean=53.333191
std=11.481463
