count=2247
min=-24.000000
max=57.000000
mean=13.736093
std=10.969807
