count=2247
min=-22.000000
max=38.000000
mean=11.517134
std=9.396974
