count=2247
min=-18.000000
max=41.000000
mean=13.401424
std=9.472042
