count=2247
min=-20.000000
max=57.000000
mean=14.920783
std=9.975714
