count=2247
min=-16.000000
max=45.000000
mean=13.409435
std=9.103209
